1.7789
0.419719
0.57138
0.322132
0.09430180000000001
0.0217854
0.150557
0.0251449
0.0247068
0.0226542
0.0235126
0.0126169
0.0081102
0.0102317
0.0111202
0.014617
0.011901
0.0101229
0.00885463
0.0361401
0.00396808
0.0148241
0.0463899
0.318837
0.0407458
0.0259874
0.6153380000000001
0.175333
0.0357817
1.15591
0.850765
0.78952
0.0813759
0.0617685
0.048855
0.0413536
0.0390356
0.0442853
0.0523088
0.09862170000000001
0.0485645
0.0365348
0.0330827
0.0344994
0.0390946
0.0511583
0.06662609999999999
0.0899358
0.138815
0.206553
0.395686
