+6.000000000000 -1246.099500000000 +0.000016880711 +20036.084500000001
+5.000000000000 -1034.670700000000 +0.001001778581 +19824.655699999999
+4.000000000000 -814.424300000000 +0.003817306735 +19604.409299999999
+3.000000000000 -587.032000000000 +0.070881579998 +19377.017000000000
+2.000000000000 -354.373200000000 +0.067952616637 +19144.358200000002
+0.000000000000 +354.373200000000 +0.335825806141 +18435.611799999999
+1.000000000000 +587.032000000000 +1.000000000000 +18202.953000000001
+2.000000000000 +814.424300000000 +0.150122642958 +17975.560700000002
+3.000000000000 +1034.670700000000 +0.106331157453 +17755.314300000002
+4.000000000000 +1246.099500000000 +0.004647065870 +17543.885500000000
+5.000000000000 +1447.280900000000 +0.001055143871 +17342.704099999999
+6.000000000000 +1637.046000000000 +0.000015892010 +17152.938999999998
