+7.000000000000 -1106.582000000000 +0.000048280800 +19896.566999999999
+6.000000000000 -948.799100000000 +0.000671015239 +19738.784100000001
+5.000000000000 -785.002500000000 +0.006223399027 +19574.987499999999
+4.000000000000 -616.093100000000 +0.037208347204 +19406.078099999999
+3.000000000000 -443.081400000000 +0.135642025286 +19233.066400000000
+2.000000000000 -267.069200000000 +0.260840365612 +19057.054200000002
+0.000000000000 +267.069200000000 +0.869625413072 +18522.915799999999
+1.000000000000 +443.081400000000 +1.000000000000 +18346.903600000001
+2.000000000000 +616.093100000000 +0.598423539278 +18173.891900000002
+3.000000000000 +785.002500000000 +0.214344368939 +18004.982500000002
+4.000000000000 +948.799100000000 +0.048362141478 +17841.185900000000
+5.000000000000 +1106.582000000000 +0.007086690008 +17683.403000000002
+6.000000000000 +1257.572200000000 +0.000690790930 +17532.412800000002
+7.000000000000 +1401.118900000000 +0.000045783285 +17388.866099999999
