+8.000000000000 -859.832400000000 +0.000276095983 +19649.817400000000
+7.000000000000 -752.919900000000 +0.001036224634 +19542.904900000001
+6.000000000000 -642.806600000000 +0.011805277604 +19432.791600000000
+5.000000000000 -529.900200000000 +0.025045948186 +19319.885200000001
+4.000000000000 -414.648500000000 +0.154194157571 +19204.633500000000
+3.000000000000 -297.533800000000 +0.164009643412 +19087.518800000002
+2.000000000000 -179.067100000000 +0.419691072864 +18969.052100000001
+0.000000000000 +179.067100000000 +0.940953417331 +18610.917900000000
+1.000000000000 +297.533800000000 +0.627306693698 +18492.451200000000
+2.000000000000 +414.648500000000 +1.000000000000 +18375.336500000001
+3.000000000000 +529.900200000000 +0.273110762879 +18260.084800000001
+4.000000000000 +642.806600000000 +0.214165349890 +18147.178400000001
+5.000000000000 +752.919900000000 +0.030883283052 +18037.065100000000
+6.000000000000 +859.832400000000 +0.013324542223 +17930.152600000001
